[0.00000000e+00 0.00000000e+00 0.00000000e+00 0.00000000e+00
 0.00000000e+00 0.00000000e+00 0.00000000e+00 0.00000000e+00
 0.00000000e+00 0.00000000e+00 0.00000000e+00 0.00000000e+00
 0.00000000e+00 0.00000000e+00 0.00000000e+00 0.00000000e+00
 0.00000000e+00 0.00000000e+00 0.00000000e+00 0.00000000e+00
 0.00000000e+00 0.00000000e+00 0.00000000e+00 0.00000000e+00
 0.00000000e+00 0.00000000e+00 0.00000000e+00 0.00000000e+00
 0.00000000e+00 0.00000000e+00 0.00000000e+00 0.00000000e+00
 0.00000000e+00 0.00000000e+00 0.00000000e+00 0.00000000e+00
 0.00000000e+00 0.00000000e+00 0.00000000e+00 0.00000000e+00
 0.00000000e+00 0.00000000e+00 0.00000000e+00 0.00000000e+00
 0.00000000e+00 0.00000000e+00 0.00000000e+00 0.00000000e+00
 0.00000000e+00 0.00000000e+00 0.00000000e+00 3.74266044e-01
 1.78023447e-01 1.43603451e-01 5.42558875e-02 5.29101510e-02
 4.09905943e-03 5.56502402e-02 9.30069505e-02 2.23372822e-01
 1.25632842e-01 1.97954739e-01 1.15602473e-01 1.04625602e-01
 7.10044738e-02 5.83247662e-02 2.81415356e-02 1.21994387e-02
 6.81805073e-03 0.00000000e+00 9.66093967e-06 3.11118174e-05
 0.00000000e+00 1.52077617e-01 2.84329980e-01 4.04909631e-01
 1.73184845e-01 1.19505070e-01 6.27955229e-04 3.89127797e-04
 0.00000000e+00 0.00000000e+00 5.87833931e-03 1.83099647e-02
 8.65812490e-03 1.04555744e-01 5.27965305e-02 1.49423689e-01
 2.26151250e-01 5.87055467e-02 2.79835345e-01 2.92939953e-02
 9.90778315e-02 9.83653506e-02 2.79703424e-02 2.81644540e-02
 5.75706197e-02 1.65584547e-01 1.78624368e-01 0.00000000e+00
 0.00000000e+00 2.33545444e-01 2.32556354e-01 6.01211372e-02
 5.98974915e-02 5.77971808e-02 4.34362199e-02 6.93137154e-02
 1.40369075e-01 1.44916064e-01 2.28073923e-01 4.53231854e-02
 2.58712798e-01 1.30083904e-01 9.05293503e-02 8.28747199e-02
 2.56071519e-02 4.92023848e-03 6.80674016e-03 0.00000000e+00
 3.58543891e-04 4.93994851e-04 4.16903377e-02 3.51138316e-02
 1.60310999e-01 2.57141705e-01 3.02739251e-01 5.44389865e-02
 2.17409850e-04 0.00000000e+00 0.00000000e+00 2.24713429e-03
 8.57655980e-04 2.43383877e-02 3.30973080e-02 3.20399742e-03
 1.63047892e-01 9.99622214e-02 1.86602546e-01 2.34748177e-01
 1.60778873e-01 8.27338124e-02 1.25119572e-01 1.26297170e-01
 1.25514040e-02 6.41216416e-02 9.13744037e-02 2.35163285e-02
 2.05733101e-01 0.00000000e+00 0.00000000e+00 2.30918975e-02
 9.55052569e-02 9.10669235e-02 4.90771328e-02 3.92840183e-02
 8.79409325e-02 8.93626260e-02 3.94140029e-02 1.61736362e-01
 1.02105287e-01 2.88115660e-01 1.41045417e-01 2.66621349e-01
 7.75515428e-03 7.99330157e-02 7.97921016e-03 1.78459423e-02
 0.00000000e+00 0.00000000e+00 0.00000000e+00 4.42888841e-04
 9.47858987e-03 8.98782539e-02 1.76084578e-01 1.63805819e-01
 8.99759888e-02 8.71175605e-02 4.37784594e-02 7.93558955e-03
 0.00000000e+00 0.00000000e+00 1.92898656e-02 0.00000000e+00
 0.00000000e+00 2.36904777e-01 1.04333810e-01 1.50801176e-01
 2.32895768e-02 2.99612738e-01 1.52294332e-01 1.87695771e-01
 7.74936310e-02 3.27115584e-02 1.03764548e-01 7.10929785e-02
 3.15863078e-02 1.27730618e-01 9.34938658e-02 0.00000000e+00
 0.00000000e+00 1.64447062e-02 6.89589245e-02 2.82126550e-02
 5.12368331e-02 6.89321515e-02 7.70744275e-02 7.84838286e-02
 2.09102137e-01 1.49054768e-01 1.96848103e-01 1.89726416e-01
 1.93128305e-01 8.46968634e-02 1.93463275e-01 7.93862762e-02
 4.75965659e-02 4.26965269e-02 9.44086208e-03 5.52958774e-03
 2.47343059e-03 1.35443719e-02 3.73586746e-04 6.22127247e-02
 8.19115100e-02 1.50289283e-01 8.98606677e-02 4.89097039e-02
 1.35965655e-02 0.00000000e+00 3.05042027e-03 1.19046439e-04
 7.64313038e-03 2.71516358e-02 4.11809087e-02 1.02864152e-01
 1.13895147e-01 1.33347725e-01 1.77559085e-01 1.62178957e-01
 1.85967067e-01 1.92129386e-01 1.86514412e-01 1.29936685e-01
 6.24430118e-02 3.15054295e-02 5.70978318e-02 5.85080428e-02
 1.01279963e-01 0.00000000e+00 0.00000000e+00 2.69611980e-02
 1.30053494e-02 3.28832808e-02 6.01537877e-02 9.32490012e-02
 5.19679278e-02 1.04674924e-01 6.33621445e-02 4.56929624e-02
 2.13179102e-01 1.26156205e-01 1.86759202e-01 1.97362628e-01
 5.33448440e-02 7.73242993e-02 4.00705093e-02 1.12254850e-02
 1.52588390e-02 1.74129853e-02 0.00000000e+00 3.53984978e-02
 6.43213294e-02 5.33848466e-02 1.16560482e-02 1.12330020e-01
 9.20066260e-02 6.41921797e-02 4.99608278e-02 1.45017839e-02
 6.34330373e-03 0.00000000e+00 3.70139653e-02 4.74119536e-02
 3.16559658e-02 1.71520767e-02 5.11642137e-02 1.67910160e-01
 1.72455910e-01 1.25614789e-01 2.18330708e-01 9.75536453e-02
 1.68676961e-01 8.52411522e-02 7.49742624e-02 5.39260663e-02
 8.66717951e-02 3.90054728e-02 4.06119963e-03 0.00000000e+00
 0.00000000e+00 8.31724362e-03 9.04476847e-02 7.23601389e-02
 7.63360881e-02 3.03166414e-02 1.45041566e-01 1.05499982e-01
 1.81594291e-01 2.48723565e-01 1.74235366e-01 1.63205222e-01
 1.23701842e-01 1.16826588e-01 1.91071435e-01 8.40307146e-02
 1.13194803e-01 2.59867641e-02 3.43464609e-02 2.28404008e-02
 1.18559001e-02 3.67647890e-02 5.16270555e-02 7.84423506e-02
 3.16618087e-02 9.44825185e-02 0.00000000e+00 1.46984827e-01
 2.02874062e-02 2.73356229e-02 8.29404429e-03 5.00896178e-02
 3.63471793e-02 1.48785350e-02 3.60937724e-02 9.00696006e-02
 1.72491966e-01 1.37661376e-01 1.74857928e-01 1.73959952e-01
 2.25320782e-01 1.38945895e-01 1.55854357e-01 1.55799709e-01
 7.80183579e-02 9.28303708e-02 6.58246674e-02 1.51010984e-02
 9.16099923e-02 0.00000000e+00 0.00000000e+00 1.00246199e-01
 9.33459954e-02 5.74898600e-02 1.27022338e-01 1.32727039e-01
 1.04429056e-01 1.04830926e-01 1.46353090e-01 1.55865127e-01
 1.19593945e-01 1.78531991e-01 1.89226706e-01 1.27118418e-01
 9.14574111e-02 2.56994291e-02 8.95707838e-02 8.47744344e-02
 9.66450992e-03 1.24493126e-01 2.63670403e-02 4.64582462e-03
 8.06921413e-03 9.75174559e-02 1.61632040e-01 5.65480041e-02
 3.16188516e-01 7.67250814e-02 7.89772362e-02 6.49945155e-02
 1.41382166e-02 4.14297661e-02 4.53112114e-02 1.12902343e-01
 4.06217283e-02 1.00238513e-01 1.62842029e-02 1.31051458e-01
 1.87319842e-01 1.65393100e-01 1.48254810e-01 5.97068731e-02
 1.90940200e-01 1.51829722e-01 2.07177231e-01 1.06011660e-01
 4.05512938e-02 1.92497041e-01 1.15168664e-01 0.00000000e+00
 0.00000000e+00 9.45582729e-02 1.31318926e-01 1.57062054e-01
 2.60718652e-02 2.17346072e-01 3.37754048e-02 2.46928028e-01
 2.17780122e-01 2.04938028e-01 1.90456323e-01 1.91250950e-01
 1.26622324e-01 1.14551778e-01 1.31544344e-01 1.24536126e-01
 4.29557620e-02 1.02780671e-01 3.16428581e-02 4.94392625e-02
 9.36287544e-02 7.58608351e-02 6.35999595e-02 1.81701915e-01
 4.39071561e-02 1.86942782e-01 1.32483166e-01 1.26167349e-01
 6.66773877e-02 6.03743576e-02 8.07514330e-02 4.67250431e-02
 8.28228767e-02 8.46607402e-02 1.05205407e-01 1.63058185e-01
 1.13098400e-01 1.92393148e-01 1.27055765e-01 1.62797237e-01
 1.47617238e-01 2.33321592e-01 1.60483401e-01 2.31049317e-01
 4.00616090e-02 1.63647002e-01 1.43826298e-01 9.18007565e-02
 9.18549518e-02 0.00000000e+00 0.00000000e+00 9.06702099e-02
 3.13263506e-01 1.67322425e-01 2.18638383e-01 8.71321029e-02
 2.27506201e-01 1.58584540e-01 1.90400770e-01 1.03071192e-01
 1.23690947e-01 1.14430636e-01 1.31317870e-01 1.47113007e-01
 1.35147868e-01 1.01600209e-01 7.34306757e-02 5.87388093e-02
 6.45395738e-02 7.51548395e-02 5.91389231e-02 2.91446591e-02
 5.38827569e-02 9.06588437e-02 1.80346339e-01 3.16474962e-01
 2.22688064e-02 2.34397308e-01 1.25638428e-01 8.96108328e-02
 7.97483040e-02 6.52918232e-02 3.28095203e-02 6.56822123e-02
 3.00675610e-02 2.27586543e-03 1.67515878e-01 1.43753655e-01
 1.44102792e-02 2.34402271e-01 1.90412399e-01 9.51446251e-02
 1.16384152e-01 1.49746723e-01 3.19254674e-01 8.29666286e-02
 1.35179130e-01 1.86905369e-01 1.67376687e-01 0.00000000e+00
 0.00000000e+00 1.85021599e-01 1.52414972e-02 1.95055302e-01
 2.06471438e-01 1.17763261e-01 1.89533587e-01 1.78763084e-01
 1.33801302e-01 1.43203989e-01 1.94669966e-01 1.92966336e-01
 1.20537364e-01 1.20981530e-01 1.37838985e-02 1.32874567e-01
 9.84901516e-02 7.52411980e-02 7.00041617e-02 9.12005124e-02
 6.12552135e-03 9.82050111e-02 3.16074796e-01 9.41972947e-04
 1.87942769e-01 1.94781588e-01 2.03789384e-01 1.41467463e-01
 8.78063129e-02 6.76357963e-02 7.99125050e-02 3.52651067e-02
 8.05897053e-02 4.64024792e-02 1.22488020e-01 2.78744832e-02
 1.18534643e-01 9.03512051e-02 1.10090833e-01 1.52476145e-01
 1.69107148e-01 6.81580386e-02 2.45588462e-01 2.03367656e-01
 9.24147977e-02 2.41713911e-01 2.06154402e-01 1.80714317e-01
 2.01929482e-01 0.00000000e+00 0.00000000e+00 2.17897923e-01
 1.71271872e-01 2.07013645e-01 2.37110594e-01 1.07479252e-01
 2.31155852e-01 1.97394078e-01 2.22602562e-01 9.40725967e-02
 1.50608487e-01 2.25913922e-01 1.37722718e-02 1.18986253e-01
 1.12197232e-01 9.50309379e-02 6.21933329e-02 7.14862692e-02
 7.92520551e-02 2.97617756e-02 4.79679194e-02 1.00440175e-01
 3.57104385e-02 8.23684199e-02 2.06256592e-01 6.38443886e-02
 2.35033288e-01 2.26007302e-02 1.29982140e-01 2.10339573e-02
 7.82474843e-02 7.96130613e-02 5.43484750e-02 4.55979329e-02
 9.96139462e-02 1.20791228e-01 7.36609067e-02 9.06922906e-02
 1.31828541e-01 1.01114952e-01 1.59841817e-01 1.40261221e-01
 1.28399224e-01 1.93969480e-01 1.84739357e-01 1.41005288e-01
 1.72734659e-01 1.88796146e-01 1.47880144e-01 0.00000000e+00
 0.00000000e+00 1.42871855e-01 9.26545324e-02 1.31241249e-01
 9.10690258e-02 2.60563395e-01 6.98287981e-02 1.48028638e-01
 1.37357703e-01 1.57140073e-01 9.20352945e-02 5.55181146e-02
 7.60166403e-02 1.33704909e-01 8.46248908e-02 8.95395026e-02
 5.15680580e-02 7.61257088e-02 6.05502731e-02 1.27206156e-02
 6.49234253e-02 2.52212087e-02 8.18912477e-02 8.92662468e-02
 6.88754807e-02 1.37567072e-01 5.73051665e-02 9.42609972e-02
 4.03940956e-03 3.80259091e-02 5.98271640e-02 2.05068338e-02
 6.10567540e-02 2.99555521e-02 3.43019236e-02 9.07184902e-02
 3.69107737e-02 1.54836330e-01 7.71423473e-02 1.54141502e-01
 8.79707972e-02 1.80258461e-01 9.42296230e-02 9.60090810e-02
 1.16553920e-01 2.66715981e-01 2.08389433e-01 1.26884628e-01
 1.44825337e-01 0.00000000e+00 0.00000000e+00 8.02916071e-02
 7.38486963e-02 1.19331195e-01 1.28487181e-01 1.07747892e-01
 1.89081747e-01 8.24712902e-02 1.77961316e-01 2.03502607e-02
 7.68285381e-02 4.67737747e-02 9.56717233e-02 3.89751914e-02
 4.34195038e-02 5.22694515e-02 7.65549635e-02 4.64252623e-02
 7.82978005e-03 8.15979870e-02 4.53576000e-03 6.51799421e-02
 4.00096978e-02 6.79381689e-02 6.45560441e-02 4.21241077e-02
 1.06108881e-01 3.20964968e-02 8.92165295e-02 0.00000000e+00
 1.22960923e-02 3.80660004e-02 5.77087245e-02 4.71995910e-02
 3.86785362e-02 3.74760055e-02 1.66826560e-01 1.85097283e-02
 1.19471404e-01 1.48801342e-01 1.05792233e-01 1.28669567e-01
 1.01123316e-01 1.39786498e-01 1.41818240e-01 2.01596902e-02
 1.59361635e-01 1.86750907e-01 1.47381222e-01 0.00000000e+00
 0.00000000e+00 9.37905154e-02 1.24120882e-01 2.03839691e-01
 1.20156537e-01 1.72128918e-01 8.26508924e-02 1.80625849e-01
 8.02820001e-02 9.82384047e-02 1.62386936e-01 6.48360069e-02
 6.52815972e-02 1.17805679e-01 9.99534539e-02 4.94177920e-02
 3.98906617e-02 2.17792969e-02 4.56819953e-02 1.66162945e-02
 5.01659640e-02 3.30601974e-03 4.09835281e-02 4.92554090e-03
 4.29581475e-02 6.03506359e-02 2.44254502e-02 6.76323743e-03
 3.05269438e-02 1.43637777e-02 3.77571704e-03 1.99199835e-02
 2.07548258e-02 4.46080025e-02 6.18157219e-02 6.25465052e-02
 3.02609820e-02 5.42469318e-02 7.41052489e-02 9.43688845e-02
 1.69004277e-01 4.52256524e-02 8.02049466e-02 1.42340824e-01
 1.30200068e-01 9.32576615e-02 1.93496742e-01 1.16524812e-01
 5.99190009e-02 0.00000000e+00 0.00000000e+00 1.05990453e-01
 3.72220869e-02 3.44483949e-02 8.62631773e-02 8.14981575e-02
 4.73318229e-02 1.46028423e-01 9.86687601e-02 1.15832558e-01
 5.89523129e-02 9.21412256e-02 9.39758875e-02 6.22436299e-02
 2.81852732e-02 6.75748692e-02 3.17215857e-02 3.78624910e-02
 2.69315020e-02 0.00000000e+00 1.56470057e-02 0.00000000e+00
 6.20101785e-03 4.74607733e-03 1.30831870e-02 2.25888911e-02
 2.47716400e-02 0.00000000e+00 1.30132035e-03 2.20487742e-02
 2.30647357e-02 1.13529967e-02 3.01276416e-02 2.51686295e-02
 2.13367426e-02 2.84315425e-02 5.24707968e-02 6.52607147e-02
 6.79857114e-02 9.58556255e-02 1.01615006e-02 3.23153778e-01
 7.73259293e-02 4.97784610e-02 5.51231859e-02 1.44161985e-01
 3.57478974e-02 1.24285320e-01 7.24589037e-02 0.00000000e+00
 0.00000000e+00 9.32906263e-03 3.30142408e-02 0.00000000e+00
 5.43429891e-02 6.63403010e-02 8.78914513e-03 2.42398799e-02
 9.25955979e-02 8.18202764e-02 1.19996231e-01 4.83259475e-02
 3.48506713e-03 1.18742468e-01 4.94032954e-02 1.36201921e-02
 3.81280497e-02 1.14994651e-02 0.00000000e+00 8.58117214e-03
 2.11146627e-03 7.16308444e-03 3.04962459e-03 1.59240633e-03
 0.00000000e+00 0.00000000e+00 0.00000000e+00 6.36398405e-04
 0.00000000e+00 3.35278196e-04 0.00000000e+00 5.92670906e-03
 2.10552796e-03 2.50798694e-02 1.02651776e-02 6.88265495e-02
 4.21592175e-02 8.70325609e-02 7.34835796e-02 6.89857863e-02
 5.10117562e-02 5.14312041e-02 2.85449411e-02 1.10708009e-01
 6.51079718e-02 3.06900736e-02 7.90682199e-02 3.46241709e-02
 6.05299057e-02 0.00000000e+00 0.00000000e+00 2.31619517e-02
 1.50389824e-02 1.76479659e-04 5.59758647e-02 2.29691202e-02
 7.52893307e-02 3.19719290e-02 3.19552597e-02 4.44611215e-02
 4.87329035e-02 1.49472393e-02 1.44879914e-01 2.14843399e-03
 4.50063761e-02 3.60386431e-03 1.04416706e-02 5.09609978e-03
 0.00000000e+00 6.55234887e-03 2.24990572e-03 9.50935562e-04
 0.00000000e+00 0.00000000e+00 0.00000000e+00 0.00000000e+00
 0.00000000e+00 0.00000000e+00 1.45336600e-04 0.00000000e+00
 0.00000000e+00 3.42921981e-04 1.88300891e-02 2.55736439e-04
 7.06329140e-03 1.38799806e-03 4.86016356e-02 4.46593805e-02
 4.56609872e-02 9.59502528e-02 5.34717648e-02 7.40983693e-02
 1.00771065e-01 5.68159983e-02 1.65144413e-02 7.45798701e-02
 2.46333150e-02 0.00000000e+00 6.25658556e-03 0.00000000e+00
 0.00000000e+00 0.00000000e+00 1.66895019e-02 2.40470220e-02
 9.57670275e-04 2.61245816e-04 3.73995004e-02 6.78003891e-02
 1.09236624e-01 8.54387282e-02 7.94293481e-02 7.73112579e-02
 3.59241788e-02 3.80048608e-02 2.09178707e-02 6.56681268e-03
 5.71097140e-04 2.05779378e-02 1.79306135e-03 7.27994032e-04
 0.00000000e+00 0.00000000e+00 0.00000000e+00 0.00000000e+00
 0.00000000e+00 0.00000000e+00 0.00000000e+00 0.00000000e+00
 0.00000000e+00 0.00000000e+00 0.00000000e+00 2.45873357e-03
 0.00000000e+00 6.44861567e-03 2.22970813e-02 7.56444834e-04
 6.83046280e-02 4.23945219e-02 3.36125994e-02 6.00433473e-02
 3.47469547e-02 4.81908341e-02 4.87625525e-02 2.07185211e-02
 9.05555968e-02 0.00000000e+00 0.00000000e+00 3.13450294e-02
 0.00000000e+00 0.00000000e+00 0.00000000e+00 0.00000000e+00
 0.00000000e+00 1.06902226e-02 3.63608865e-03 1.53886238e-02
 1.31353377e-02 4.12821182e-03 1.24730796e-02 1.00900221e-01
 2.54582764e-02 5.95657053e-02 3.42365555e-02 4.59283782e-02
 1.75088638e-02 2.22727726e-02 1.96303565e-02 0.00000000e+00
 2.52146169e-04 6.67111179e-04 0.00000000e+00 0.00000000e+00
 0.00000000e+00 0.00000000e+00 0.00000000e+00 0.00000000e+00
 0.00000000e+00 0.00000000e+00 0.00000000e+00 0.00000000e+00
 0.00000000e+00 3.67866977e-06 5.41412379e-04 9.02798570e-03
 9.95056464e-05 1.54938138e-02 1.98946411e-05 3.33626227e-02
 3.46132795e-02 7.28002552e-02 3.56661620e-02 3.43078096e-02
 5.52254410e-02 1.72128149e-02 3.26741755e-02 3.47542689e-03
 3.46234282e-02 0.00000000e+00 1.71975724e-03 0.00000000e+00
 0.00000000e+00 0.00000000e+00 0.00000000e+00 0.00000000e+00
 9.44761666e-04 0.00000000e+00 5.16644463e-02 5.70415153e-02
 4.75794378e-03 1.06282501e-01 6.26244784e-02 5.64249142e-02
 6.22578958e-02 3.87741987e-02 4.71683502e-02 1.00168197e-03
 9.91823555e-04 1.94539311e-04 0.00000000e+00 0.00000000e+00
 0.00000000e+00 0.00000000e+00 0.00000000e+00 0.00000000e+00
 0.00000000e+00 0.00000000e+00 0.00000000e+00 0.00000000e+00
 0.00000000e+00 0.00000000e+00 7.32448743e-06 0.00000000e+00
 1.11091549e-03 2.05430189e-04 1.19694971e-02 1.39334540e-04
 4.80526123e-02 1.44014957e-02 5.09900487e-02 4.38883734e-02
 6.10053990e-02 2.56436949e-02 3.38758764e-02 2.52759823e-02
 2.01288004e-02 0.00000000e+00 0.00000000e+00 3.46921692e-03
 0.00000000e+00 0.00000000e+00 0.00000000e+00 4.20525030e-03
 0.00000000e+00 0.00000000e+00 2.61343080e-02 1.33680574e-02
 2.41575944e-02 1.33968463e-02 1.19331120e-01 1.18627176e-02
 1.08356354e-01 2.02001461e-02 6.19861151e-03 6.18759428e-02
 2.53146268e-02 1.37382775e-02 2.03019207e-03 0.00000000e+00
 0.00000000e+00 0.00000000e+00 0.00000000e+00 0.00000000e+00
 0.00000000e+00 0.00000000e+00 0.00000000e+00 0.00000000e+00
 0.00000000e+00 0.00000000e+00 0.00000000e+00 0.00000000e+00
 0.00000000e+00 0.00000000e+00 0.00000000e+00 1.79210327e-03
 1.50173812e-03 8.55395796e-03 3.41318604e-02 5.75304992e-02
 6.53258982e-02 9.25429315e-02 7.69072209e-02 5.50430924e-02
 8.74520090e-02 5.85265071e-02 4.04849163e-02 5.98791904e-02
 3.27424748e-02 0.00000000e+00 0.00000000e+00 0.00000000e+00
 0.00000000e+00 2.79077155e-02 0.00000000e+00 6.27752728e-02
 0.00000000e+00 6.08547629e-02 6.65151196e-03 1.21206224e-01
 6.42008024e-02 1.31378230e-01 1.00977649e-01 1.13333584e-02
 9.76801797e-02 1.79551054e-02 6.01852480e-03 0.00000000e+00
 2.01195494e-03 1.28490169e-04 0.00000000e+00 0.00000000e+00
 0.00000000e+00 0.00000000e+00 0.00000000e+00 0.00000000e+00
 0.00000000e+00 0.00000000e+00 0.00000000e+00 0.00000000e+00
 7.48287045e-06 0.00000000e+00 0.00000000e+00 0.00000000e+00
 0.00000000e+00 0.00000000e+00 0.00000000e+00 0.00000000e+00
 7.58224257e-04 5.62069762e-02 7.97325561e-03 8.83667631e-02
 1.33862859e-01 1.19434247e-01 1.19925587e-01 3.44898827e-02
 6.16269377e-02 0.00000000e+00 1.83196720e-02 3.55574912e-07
 0.00000000e+00 0.00000000e+00 0.00000000e+00 1.16298372e-01
 1.11121190e-01 9.85506414e-02 4.45524712e-02 3.93617936e-02
 5.17484220e-04 9.36083498e-02 1.27558450e-01 1.45008462e-01
 1.12820288e-01 8.42871469e-02 1.73234634e-01 4.27383236e-02
 2.58748922e-02 8.86880523e-03 0.00000000e+00 0.00000000e+00
 0.00000000e+00 0.00000000e+00 0.00000000e+00 0.00000000e+00
 0.00000000e+00 4.33798770e-03 7.63865253e-03 3.68285071e-03
 0.00000000e+00 6.04312891e-05 0.00000000e+00 0.00000000e+00
 0.00000000e+00 0.00000000e+00 0.00000000e+00 0.00000000e+00
 0.00000000e+00 1.70908195e-02 1.69221128e-02 1.36920854e-01
 6.13373854e-02 7.42790636e-02 4.61358509e-02 1.72928929e-01
 3.76688689e-02 8.80117991e-02 6.68929367e-02 4.52991401e-02
 6.85896448e-02 2.22711431e-02 1.79893964e-01 0.00000000e+00
 0.00000000e+00 1.84159279e-01 2.30034579e-01 8.69599396e-02
 1.26442786e-01 6.00085935e-02 1.32389251e-01 4.87696550e-02
 1.64887125e-01 1.46136392e-01 2.62073889e-01 1.81603499e-01
 8.42630380e-02 5.49952304e-02 4.19931394e-04 1.83887495e-02
 0.00000000e+00 0.00000000e+00 0.00000000e+00 0.00000000e+00
 0.00000000e+00 0.00000000e+00 0.00000000e+00 3.77724015e-04
 9.00964061e-02 6.84924616e-02 1.22158640e-01 7.93432906e-03
 0.00000000e+00 0.00000000e+00 0.00000000e+00 0.00000000e+00
 0.00000000e+00 0.00000000e+00 3.01406258e-03 0.00000000e+00
 3.90911249e-02 1.51479998e-03 2.32997767e-01 1.23235279e-01
 2.11804534e-01 1.62637389e-01 1.75353352e-01 1.07643868e-01
 1.10402528e-01 6.11498535e-02 1.26336718e-01 1.30579894e-01
 3.11934549e-01 0.00000000e+00 0.00000000e+00 5.29545396e-01
 2.43409805e-01 1.89985419e-01 4.93141493e-02 1.39394375e-01
 8.01021359e-02 1.58826509e-01 4.90872303e-02 2.57592898e-01
 2.07124362e-01 1.12189724e-01 5.29347775e-02 8.96035206e-02
 6.94407730e-02 0.00000000e+00 0.00000000e+00 0.00000000e+00
 0.00000000e+00 0.00000000e+00 0.00000000e+00 0.00000000e+00
 0.00000000e+00 0.00000000e+00 9.27250549e-02 8.36685330e-01
 3.27989769e-02 5.20632128e-03 0.00000000e+00 0.00000000e+00
 0.00000000e+00 0.00000000e+00 0.00000000e+00 0.00000000e+00
 3.42033899e-03 0.00000000e+00 4.12037051e-02 8.22496836e-02
 7.53364824e-02 1.99168563e-01 2.10084601e-01 1.34155578e-01
 1.86177191e-01 1.22674245e-01 7.64232143e-02 1.60569093e-01
 5.09662062e-02 3.25753659e-01 8.21410973e-02 0.00000000e+00
 0.00000000e+00 1.43488873e-01 1.00915840e-01 1.40721723e-01
 1.35256294e-01 8.28678804e-02 8.47075243e-02 1.19600268e-01
 2.03250166e-01 1.68216529e-01 1.82126172e-01 1.87899366e-01
 1.28362559e-01 2.58317542e-02 5.59431116e-03 5.55417195e-04
 1.90047069e-03 0.00000000e+00 0.00000000e+00 0.00000000e+00
 0.00000000e+00 0.00000000e+00 0.00000000e+00 6.64675543e-03
 6.42640625e-02 2.95469609e-02 9.00971095e-02 7.40532119e-03
 0.00000000e+00 0.00000000e+00 0.00000000e+00 0.00000000e+00
 0.00000000e+00 0.00000000e+00 0.00000000e+00 1.04132597e-03
 4.14503966e-02 3.40402300e-02 3.64900313e-02 7.57051997e-02
 1.19306098e-01 2.41588552e-01 1.38386610e-01 1.11807028e-01
 1.20683689e-01 7.52444039e-02 9.49931438e-02 1.02573677e-01
 4.61579104e-01 0.00000000e+00 0.00000000e+00 2.06696900e-01
 1.34488405e-01 8.21433605e-02 1.79098950e-02 7.84254557e-02
 7.02474544e-02 9.01892461e-02 8.73949564e-02 1.51037391e-01
 6.83117723e-02 1.11484316e-01 1.12303823e-01 9.20558752e-02
 7.58909497e-03 1.09678549e-02 0.00000000e+00 0.00000000e+00
 0.00000000e+00 0.00000000e+00 0.00000000e+00 0.00000000e+00
 0.00000000e+00 1.02338369e-03 1.12259571e-03 0.00000000e+00
 1.32203380e-02 0.00000000e+00 0.00000000e+00 0.00000000e+00
 0.00000000e+00 0.00000000e+00 0.00000000e+00 0.00000000e+00
 1.01552348e-03 6.38692215e-03 1.90503005e-02 5.55798692e-02
 1.01367475e-01 1.49304305e-01 1.56170775e-01 5.94867804e-02
 1.49747785e-01 1.11077353e-01 2.20972276e-02 2.49508790e-02
 3.57636026e-02 3.28884977e-02 1.25363288e-01 0.00000000e+00
 0.00000000e+00 0.00000000e+00 1.47954720e-02 4.10513869e-03
 3.79879015e-02 1.06418683e-02 6.57978545e-02 7.94879528e-02
 1.14278276e-01 1.82746919e-01 3.51082303e-02 2.35112050e-02
 2.48916273e-02 3.66670752e-02 2.83364438e-02 1.30840278e-02
 0.00000000e+00 0.00000000e+00 0.00000000e+00 0.00000000e+00
 0.00000000e+00 0.00000000e+00 0.00000000e+00 0.00000000e+00
 0.00000000e+00 0.00000000e+00 0.00000000e+00 0.00000000e+00
 0.00000000e+00 0.00000000e+00 0.00000000e+00 0.00000000e+00
 0.00000000e+00 1.77090564e-04 0.00000000e+00 0.00000000e+00
 7.24597216e-02 2.39462519e-03 8.26107232e-02 3.80510229e-02
 9.84672891e-02 8.30424210e-02 1.06430640e-01 9.25816518e-02
 4.12161426e-02 5.05195049e-02 1.24328238e-02 3.90607307e-02
 5.94975239e-03 0.00000000e+00 0.00000000e+00 5.96797348e-04
 1.05662768e-04 1.11161116e-02 1.15265387e-02 2.56094001e-02
 2.37681605e-02 3.21481298e-02 6.13729723e-02 0.00000000e+00
 1.17102733e-01 1.26249464e-02 5.04545466e-02 8.34649594e-04
 2.28787467e-02 0.00000000e+00 0.00000000e+00 0.00000000e+00
 2.99650590e-05 0.00000000e+00 0.00000000e+00 0.00000000e+00
 0.00000000e+00 0.00000000e+00 0.00000000e+00 0.00000000e+00
 0.00000000e+00 0.00000000e+00 0.00000000e+00 0.00000000e+00
 0.00000000e+00 0.00000000e+00 0.00000000e+00 0.00000000e+00
 7.73650855e-03 2.14984207e-02 2.30415468e-02 3.76108482e-02
 5.10551207e-02 1.08623958e-01 9.03879780e-02 3.80948680e-02
 2.03930883e-02 3.99971332e-02 2.40533072e-02 8.65884523e-03
 9.12462229e-03 2.32716296e-03 0.00000000e+00 0.00000000e+00
 0.00000000e+00 7.82155182e-05 2.45097621e-03 0.00000000e+00
 1.39282022e-02 4.31385030e-03 2.73885213e-02 4.05996955e-02
 2.67508865e-02 4.96202057e-02 1.02191911e-01 2.72690333e-02
 3.79818259e-02 3.75826629e-02 9.56070443e-03 1.23301028e-02
 0.00000000e+00 3.25010381e-03 8.20410884e-04 0.00000000e+00
 0.00000000e+00 0.00000000e+00 0.00000000e+00 0.00000000e+00
 0.00000000e+00 0.00000000e+00 0.00000000e+00 0.00000000e+00
 0.00000000e+00 0.00000000e+00 0.00000000e+00 0.00000000e+00
 3.57353462e-04 5.33507441e-05 1.40499691e-02 0.00000000e+00
 9.32398597e-03 4.71685402e-02 3.87680959e-02 6.62000216e-02
 8.94092060e-02 5.34818380e-02 3.20470682e-02 6.25397460e-02
 1.60582630e-02 0.00000000e+00 8.03520670e-03 0.00000000e+00
 0.00000000e+00 0.00000000e+00 0.00000000e+00 2.66015013e-05
 0.00000000e+00 0.00000000e+00 1.84330824e-02 2.47635774e-02
 2.65825827e-02 3.52846649e-02 7.05840998e-02 5.23619738e-03
 4.00306166e-02 7.14688810e-02 6.29251753e-02 3.47772408e-02
 7.73448784e-03 3.09715682e-02 1.61095294e-02 1.75911919e-06
 1.25877427e-04 0.00000000e+00 0.00000000e+00 0.00000000e+00
 0.00000000e+00 0.00000000e+00 0.00000000e+00 0.00000000e+00
 0.00000000e+00 0.00000000e+00 0.00000000e+00 0.00000000e+00
 0.00000000e+00 7.91936250e-04 1.57156748e-04 1.00294181e-02
 3.23015265e-03 3.12186020e-03 2.93266480e-02 3.52929932e-02
 3.13839539e-02 4.25254103e-02 4.58788565e-02 4.81842002e-02
 5.88994773e-02 2.01949873e-02 2.00938930e-02 0.00000000e+00
 0.00000000e+00 4.68282817e-03 6.66194332e-03 0.00000000e+00
 0.00000000e+00 8.53087307e-03 8.17902019e-03 1.34357371e-03
 0.00000000e+00 9.43952366e-03 5.87455032e-02 2.54558926e-02
 8.03114036e-02 1.31072987e-01 3.82105434e-02 8.77949823e-02
 3.09760106e-02 6.32741843e-02 2.38091214e-02 1.36115608e-02
 4.28835929e-03 1.68735436e-02 6.99523228e-03 0.00000000e+00
 0.00000000e+00 0.00000000e+00 0.00000000e+00 0.00000000e+00
 0.00000000e+00 0.00000000e+00 0.00000000e+00 0.00000000e+00
 0.00000000e+00 0.00000000e+00 0.00000000e+00 1.84629125e-04
 3.99474857e-03 8.69003594e-03 1.79561225e-02 5.07838560e-03
 3.23736718e-02 6.18329329e-02 1.77409333e-02 1.21411626e-01
 2.64813499e-02 1.13437594e-01 7.64491396e-02 8.13711376e-03
 3.18874273e-02 1.73606936e-02 1.81546297e-02 0.00000000e+00
 6.25905267e-03 0.00000000e+00 0.00000000e+00 7.17907142e-03
 2.76760831e-02 1.79925908e-02 7.41254572e-02 3.07855284e-02
 3.66281846e-03 8.22004715e-02 6.58090630e-02 4.51941085e-02
 4.91085346e-02 6.73059281e-02 6.14976671e-02 9.51470846e-03
 7.41394015e-02 7.30099739e-03 2.28447939e-02 6.78318402e-03
 1.31752893e-02 4.45117432e-03 0.00000000e+00 0.00000000e+00
 0.00000000e+00 0.00000000e+00 0.00000000e+00 0.00000000e+00
 0.00000000e+00 0.00000000e+00 3.22832875e-04 0.00000000e+00
 0.00000000e+00 1.37931843e-04 4.13914260e-03 1.99769069e-02
 2.43449474e-05 4.15291562e-02 4.46734779e-02 1.76965775e-02
 6.28167755e-02 1.91449073e-02 7.56408202e-02 4.70281196e-02
 7.87033272e-02 4.92862833e-02 1.72858533e-02 6.01504157e-02
 2.54301500e-03 2.95305148e-02 1.08078391e-02 0.00000000e+00
 0.00000000e+00 2.17756364e-02 1.84097978e-02 5.37681500e-02
 4.70054117e-02 7.33518511e-02 8.00327166e-02 6.07404192e-02
 8.87592106e-02 5.22248201e-02 1.22277285e-01 1.76363316e-02
 7.45414222e-02 9.84596156e-02 1.24083574e-02 4.74288725e-02
 6.00743428e-02 4.18234654e-03 1.89008078e-02 2.34945006e-03
 7.72670415e-03 8.47509477e-04 0.00000000e+00 3.08171632e-04
 0.00000000e+00 1.37847141e-03 2.97830315e-04 0.00000000e+00
 4.74663889e-03 0.00000000e+00 0.00000000e+00 1.36409226e-02
 5.71472855e-03 6.86900799e-03 4.80501286e-02 1.03730195e-02
 4.22389287e-02 1.04851791e-01 5.60603800e-02 1.19324108e-01
 4.73686371e-02 6.97798073e-02 8.97150556e-02 1.08584817e-01
 5.34367287e-02 2.92351059e-02 8.06312860e-02 2.87463489e-02
 3.56437751e-02 0.00000000e+00 0.00000000e+00 1.75270216e-02
 8.12838845e-02 9.46675182e-02 4.86267658e-02 1.39038442e-01
 9.52528029e-03 1.06010893e-01 8.27620870e-02 7.40098333e-02
 8.67367517e-02 1.30139590e-01 6.85961655e-02 4.25950070e-02
 9.33853637e-02 0.00000000e+00 6.39338283e-02 2.26494529e-03
 2.51593180e-02 3.64056930e-02 0.00000000e+00 4.41382648e-03
 1.89147612e-02 9.97562027e-03 1.49964654e-02 5.45828080e-03
 4.72728787e-04 0.00000000e+00 6.88062785e-03 2.87061338e-02
 3.37531756e-03 3.36364642e-02 1.33727967e-02 2.61814948e-02
 1.85098190e-02 6.03038994e-02 3.99839282e-02 5.99910184e-02
 4.86343337e-02 7.98532095e-02 2.93427782e-02 1.47470592e-01
 1.09174060e-01 1.14902076e-01 4.02555061e-02 5.23090273e-02
 5.84092916e-02 5.84916878e-02 9.20343399e-02 0.00000000e+00
 0.00000000e+00 1.40631391e-01 9.77141077e-02 2.02473575e-02
 1.54600703e-01 7.99601541e-02 1.85112772e-01 1.87245092e-01
 5.00557459e-02 7.95007237e-02 1.63340073e-01 6.49383942e-02
 1.19942952e-02 5.05571209e-02 5.35625664e-02 5.35123715e-02
 1.95375372e-02 7.71324730e-02 3.95476042e-02 1.82596615e-02
 1.06519619e-02 2.86872044e-02 2.19315063e-02 4.21187053e-03
 3.78652643e-03 5.71162483e-02 4.21358446e-02 6.45086038e-03
 3.03921045e-02 2.67306962e-02 1.41918451e-02 3.39995619e-02
 9.09728869e-03 6.19398346e-02 4.68048192e-02 3.46644432e-02
 2.20676302e-02 8.90900728e-02 7.64014405e-02 7.09320652e-02
 1.08405021e-01 1.21866056e-01 1.10340806e-01 5.09490196e-02
 2.50845477e-01 5.16095650e-02 1.44222682e-01 5.06844575e-02
 2.08912294e-01 0.00000000e+00 0.00000000e+00 1.00097626e-01
 1.24728453e-01 2.06845032e-01 9.17310232e-02 1.03840320e-01
 1.68173902e-01 1.42293512e-01 1.30856188e-01 1.66182076e-01
 9.81154098e-02 1.13814661e-01 1.34851379e-01 5.23420493e-02
 1.20435975e-01 6.20845336e-03 6.31743747e-02 3.00963163e-02
 4.50568710e-02 4.42725862e-02 2.60047790e-02 9.65807385e-04
 3.96534696e-02 4.79558331e-02 1.07347831e-01 3.98624442e-02
 8.86304140e-02 8.83537773e-02 5.10781805e-02 3.36385276e-02
 3.46904058e-02 3.50579728e-02 3.10685460e-02 7.24417108e-02
 2.25854081e-02 5.83376131e-02 1.10456875e-01 1.12554160e-01
 1.35619949e-01 1.32806631e-01 8.47173382e-02 1.00036609e-01
 1.31769016e-01 9.39589178e-02 1.39011460e-01 1.67221073e-01
 1.13805567e-01 5.42309938e-02 1.63174878e-01 0.00000000e+00
 0.00000000e+00 1.69896065e-01 1.64366801e-01 1.65266031e-01
 2.20275406e-01 2.16097236e-01 5.13714806e-02 2.08227870e-01
 1.68872023e-01 7.97479218e-02 1.40632729e-01 4.06154127e-02
 1.38569694e-01 4.57299742e-02 9.22213774e-02 1.00576049e-01
 7.39351836e-02 8.00727433e-02 2.36264797e-02 6.42401673e-02
 4.97255760e-02 6.05566206e-02 6.44045943e-02 1.16048010e-01
 7.24456238e-02 9.86530752e-02 1.24298262e-01 7.29357646e-02
 4.08224221e-02 9.64754782e-03 1.09771855e-01 1.99326914e-02
 7.00916087e-02 5.09245609e-03 8.94624358e-02 9.75555542e-02
 1.43040974e-01 3.04672917e-02 4.91204199e-02 1.11467982e-01
 1.48778421e-01 1.61968074e-01 9.17766816e-02 1.44598214e-01
 1.82151827e-01 1.82865174e-01 2.09759739e-01 2.42361585e-01
 6.88746311e-02 0.00000000e+00 0.00000000e+00 1.26815909e-01
 2.03210495e-01 3.09481149e-01 6.80246538e-02 2.09291393e-01
 2.10210320e-01 1.01540672e-01 1.73978593e-01 7.35427269e-02
 1.96015146e-01 1.62632851e-01 7.94101748e-02 8.41482108e-02
 3.37445330e-02 9.91169908e-02 3.25187048e-02 1.08769718e-01
 6.55971441e-03 3.79257834e-03 5.81257031e-02 8.10625657e-02
 3.28460262e-02 6.83261523e-02 2.47323959e-01 1.73046916e-01
 1.11614552e-01 1.21041241e-01 1.48579890e-02 9.28114792e-02
 4.93626692e-02 8.15193436e-02 1.20630528e-02 6.03284547e-02
 2.12894723e-02 9.52893048e-02 1.23448382e-01 5.42959652e-02
 1.78727686e-01 1.18564658e-01 1.10161756e-01 1.68452237e-01
 2.19554992e-01 9.88381535e-02 1.43624420e-01 2.31703232e-01
 8.89695487e-02 2.48454198e-01 2.40590171e-01 0.00000000e+00
 0.00000000e+00 1.23101544e-01 1.83506500e-01 1.80062018e-01
 2.18577041e-01 1.70561077e-01 5.02307212e-02 2.33203016e-01
 1.67689002e-01 2.27068355e-01 3.38068135e-02 1.68092017e-01
 1.27937108e-01 1.65284440e-01 1.42450576e-01 4.33222609e-02
 1.00896001e-01 6.94308390e-02 8.88269983e-02 8.24110845e-02
 9.16003279e-02 3.92854671e-02 5.00978579e-02 1.17354412e-01
 1.22433668e-01 2.32422023e-01 1.67363592e-01 1.59665196e-01
 1.73372932e-01 1.45796082e-02 1.07350956e-01 5.53534024e-02
 1.16212801e-01 4.89693901e-02 1.37840828e-01 4.74711365e-02
 7.74469336e-02 9.52790629e-02 6.05092768e-02 1.49257348e-01
 2.12431877e-01 1.66769776e-01 7.82732106e-02 2.25969673e-01
 2.41989128e-01 5.39739076e-02 2.83007741e-01 1.26353206e-01
 8.24684697e-02 0.00000000e+00 0.00000000e+00 2.15055065e-01
 7.57608366e-02 1.78235215e-01 2.08742842e-01 2.51744149e-01
 1.72483346e-01 1.70344299e-01 2.54163962e-01 1.08599781e-01
 2.63002408e-01 1.57569605e-01 3.48378934e-02 5.03116503e-02
 1.20756512e-01 1.05523749e-01 7.60869361e-02 5.71146107e-02
 6.69809907e-02 2.57642216e-02 6.62757695e-04 2.24527072e-01
 3.91048737e-02 1.50368627e-01 1.92733012e-01 1.46486502e-01
 2.02991698e-01 1.49518680e-01 3.79304723e-02 1.93586297e-04
 1.25215707e-01 8.65989734e-02 2.83979468e-02 9.73154194e-02
 7.12167613e-02 8.87598795e-02 1.07711133e-01 1.56097763e-01
 1.09324987e-01 5.46807382e-02 2.30001400e-01 1.24786370e-01
 2.41112570e-01 1.27474740e-01 1.07306436e-01 1.13392178e-01
 2.87912617e-01 1.79094699e-01 1.65724287e-01 0.00000000e+00
 0.00000000e+00 1.32096908e-01 6.63884651e-02 1.64843802e-01
 8.14713780e-02 5.25183122e-02 1.47542941e-01 1.93701057e-01
 1.27721023e-01 2.16741453e-01 1.60594023e-01 1.61522636e-01
 2.01373823e-01 1.45695210e-01 1.67495754e-01 3.14997906e-03
 1.13267028e-01 7.01237450e-02 7.06007933e-02 3.88800218e-02
 9.70163491e-02 0.00000000e+00 1.38936459e-01 1.54502738e-01
 1.45273006e-01 1.31696256e-01 1.48960005e-01 1.19570494e-01
 7.89832247e-02 5.05145895e-02 4.58269025e-02 5.58930832e-02
 3.83016238e-02 6.79346700e-02 7.46269014e-02 8.68053131e-02
 4.73109770e-02 6.98057374e-02 2.55226631e-01 1.32226517e-01
 1.84692297e-01 1.36982508e-02 2.48930972e-01 2.06412267e-01
 1.90436016e-01 1.41609194e-01 1.27227921e-01 6.12817147e-02
 1.13052871e-01 0.00000000e+00 0.00000000e+00 3.13895443e-02
 1.22783161e-01 3.02609352e-02 2.34115751e-01 1.81828840e-01
 2.02570440e-01 5.58683842e-02 2.72894284e-01 1.52702214e-01
 1.13914359e-01 1.95415148e-01 9.49609085e-02 1.61321190e-01
 1.30155677e-01 5.69810186e-02 3.77753365e-02 3.03770051e-02
 9.76284216e-03 5.54768971e-02 5.09173010e-02 3.13365481e-02
 4.78150933e-02 1.81175328e-02 1.31780426e-01 1.66297546e-01
 1.42576724e-01 7.24009279e-02 8.46295749e-02 7.37692037e-02
 3.28514057e-02 6.40302820e-02 1.09759803e-02 4.19380670e-02
 9.76296882e-02 9.94241131e-02 1.70328553e-01 1.36293871e-01
 1.77227714e-01 1.65786980e-01 2.01114468e-01 1.63287818e-01
 2.06360216e-02 1.24307369e-01 1.32727277e-01 1.38753884e-01
 1.52905442e-02 1.24129375e-01 1.82800871e-02 0.00000000e+00
 0.00000000e+00 2.10926263e-02 9.62863812e-03 1.42321425e-01
 0.00000000e+00 1.50676536e-01 1.70619693e-03 2.67086796e-01
 5.97701218e-02 1.83158325e-01 1.88510346e-01 1.93851971e-01
 8.49449750e-02 1.37886948e-01 1.37377209e-01 1.04480587e-01
 5.87465038e-02 5.00869983e-02 7.16563366e-02 7.16474177e-02
 1.09806721e-03 5.37832564e-02 5.37498337e-02 8.12991352e-02
 1.47931159e-01 3.67743987e-02 1.27211950e-02 7.96461957e-02
 2.32373165e-02 4.16630965e-02 2.48918242e-03 4.78273382e-02
 3.42803143e-02 4.37863453e-02 5.21065913e-02 1.02237709e-01
 7.11957065e-02 7.24548354e-02 2.06700147e-01 7.14831331e-02
 1.68563406e-01 1.53267503e-01 1.85959590e-01 2.16478873e-01
 2.36835281e-01 3.38094220e-02 1.14162269e-01 4.26619898e-02
 6.21123011e-02 0.00000000e+00 0.00000000e+00 4.47441332e-02
 5.05490788e-02 5.18482027e-02 4.13629668e-02 4.68880011e-02
 8.71214280e-02 1.12564104e-01 2.53907781e-01 7.99707059e-02
 2.76407860e-01 9.75295960e-02 2.52198379e-01 9.11706847e-02
 1.08128435e-01 8.04431255e-02 7.65568712e-02 2.09678328e-02
 2.09013386e-02 3.13978504e-04 3.21642831e-02 6.72408876e-03
 4.12385795e-02 6.15389107e-02 8.02257502e-03 1.16877203e-01
 9.91572641e-02 2.38735190e-02 4.12057102e-02 1.51272384e-02
 1.38048418e-02 1.03499808e-02 4.08563599e-02 5.02643246e-02
 1.12294804e-01 7.60282670e-02 1.40481874e-01 1.61559873e-01
 1.80143542e-01 2.27705540e-01 1.70776120e-01 2.61417372e-01
 1.27669862e-01 8.68946487e-02 1.64682604e-02 4.53476654e-02
 5.41354946e-02 3.12248579e-02 3.17184495e-02 0.00000000e+00
 0.00000000e+00 5.11514690e-02 1.03303232e-02 1.16371286e-01
 4.74133568e-02 1.05373127e-01 4.65624247e-02 9.44964513e-02
 1.01397243e-01 1.72421892e-01 2.26323961e-01 1.40107270e-01
 2.01577401e-01 1.43333895e-01 2.83309584e-02 1.60847747e-01
 1.35177587e-02 2.34914614e-02 2.56050929e-02 1.39244629e-02
 0.00000000e+00 1.84119248e-02 2.79773450e-02 7.78587469e-02
 9.96632793e-02 1.40599530e-01 7.11075135e-02 2.44404035e-02
 1.90405601e-02 2.42312034e-02 5.43577646e-03 1.31579640e-02
 1.27995293e-02 5.57608296e-02 1.03141800e-02 1.59371111e-01
 9.62779369e-02 1.63653103e-01 1.71454762e-01 1.31716064e-01
 1.83415013e-01 1.22534673e-01 9.81350112e-02 1.24687740e-01
 5.58628849e-02 6.48813632e-02 1.00807430e-01 2.24983469e-02
 1.16859797e-01 0.00000000e+00 0.00000000e+00 6.65857748e-02
 1.12147069e-01 5.02129727e-02 7.08104343e-02 2.83422726e-02
 9.34287734e-02 3.62208053e-02 2.03956580e-01 6.65006787e-02
 2.24650022e-01 1.30475660e-01 2.10975503e-01 1.74614538e-01
 4.75455246e-02 1.43342181e-01 8.38603286e-04 2.02233406e-02
 0.00000000e+00 0.00000000e+00 0.00000000e+00 1.91959291e-03
 5.02125761e-02 5.92174274e-03 9.85051911e-02 1.82552963e-01
 1.55110922e-01 4.09073102e-02 1.68049536e-02 0.00000000e+00
 8.44038218e-05 0.00000000e+00 1.44680099e-02 3.33731954e-04
 8.09635294e-02 1.37756711e-03 1.84932322e-01 1.86910260e-01
 8.85917714e-02 2.97329250e-01 2.33781003e-01 7.59407071e-02
 6.03643576e-02 9.00142721e-02 6.59097770e-02 5.36844901e-02
 2.85217080e-02 5.19969359e-02 5.10746523e-02 0.00000000e+00
 0.00000000e+00 2.42339524e-01 1.69421980e-01 8.77422644e-02
 5.89212438e-02 1.93290668e-02 8.65815850e-02 3.66247521e-02
 1.26181749e-01 1.35915498e-01 2.31160533e-01 1.73978469e-01
 1.36334350e-01 1.63283286e-01 1.42603861e-01 6.81505069e-02
 6.36967801e-02 3.11142441e-04 3.27835651e-03 0.00000000e+00
 0.00000000e+00 2.30613816e-04 1.03595013e-02 1.02781023e-01
 1.93961560e-01 3.15804350e-01 2.66366481e-01 1.36405681e-01
 3.61815828e-03 1.40791392e-03 4.77866514e-04 9.82471812e-04
 0.00000000e+00 1.97237935e-02 5.33739669e-02 9.11705991e-02
 1.01666446e-01 1.11851221e-01 2.21797161e-01 1.16590609e-01
 2.00566918e-01 1.99809065e-01 8.77077211e-02 4.15679628e-02
 8.37304337e-02 2.29158097e-02 6.32042649e-02 1.54862462e-01
 9.05586814e-02 0.00000000e+00 0.00000000e+00 0.00000000e+00
 0.00000000e+00 0.00000000e+00 0.00000000e+00 0.00000000e+00
 0.00000000e+00 0.00000000e+00 0.00000000e+00 0.00000000e+00
 0.00000000e+00 0.00000000e+00 0.00000000e+00 0.00000000e+00
 0.00000000e+00 0.00000000e+00 0.00000000e+00 0.00000000e+00
 0.00000000e+00 0.00000000e+00 0.00000000e+00 0.00000000e+00
 0.00000000e+00 0.00000000e+00 0.00000000e+00 0.00000000e+00
 0.00000000e+00 0.00000000e+00 0.00000000e+00 0.00000000e+00
 0.00000000e+00 0.00000000e+00 0.00000000e+00 0.00000000e+00
 0.00000000e+00 0.00000000e+00 0.00000000e+00 0.00000000e+00
 0.00000000e+00 0.00000000e+00 0.00000000e+00 0.00000000e+00
 0.00000000e+00 0.00000000e+00 0.00000000e+00 0.00000000e+00
 0.00000000e+00 0.00000000e+00 0.00000000e+00 0.00000000e+00]